This is the matrix cube!

12 moves F f B b U u D d R r L l
[0, 0, 0, 0, 0, 1, 1, 1, 1, 1, 0, 0, 0, 0, 0]
[0, 0, 0, 0, 0, 1, 1, 1, 1, 1, 0, 0, 0, 0, 0]
[0, 0, 0, 0, 0, 1, 1, 1, 1, 1, 0, 0, 0, 0, 0]
[0, 0, 0, 0, 0, 1, 1, 1, 1, 1, 0, 0, 0, 0, 0]
[0, 0, 0, 0, 0, 1, 1, 1, 1, 1, 0, 0, 0, 0, 0]
[2, 2, 2, 2, 2, 3, 3, 3, 3, 3, 4, 4, 4, 4, 4]
[2, 2, 2, 2, 2, 3, 3, 3, 3, 3, 4, 4, 4, 4, 4]
[2, 2, 2, 2, 2, 3, 3, 3, 3, 3, 4, 4, 4, 4, 4]
[2, 2, 2, 2, 2, 3, 3, 3, 3, 3, 4, 4, 4, 4, 4]
[2, 2, 2, 2, 2, 3, 3, 3, 3, 3, 4, 4, 4, 4, 4]
[0, 0, 0, 0, 0, 5, 5, 5, 5, 5, 0, 0, 0, 0, 0]
[0, 0, 0, 0, 0, 5, 5, 5, 5, 5, 0, 0, 0, 0, 0]
[0, 0, 0, 0, 0, 5, 5, 5, 5, 5, 0, 0, 0, 0, 0]
[0, 0, 0, 0, 0, 5, 5, 5, 5, 5, 0, 0, 0, 0, 0]
[0, 0, 0, 0, 0, 5, 5, 5, 5, 5, 0, 0, 0, 0, 0]
[0, 0, 0, 0, 0, 6, 6, 6, 6, 6, 0, 0, 0, 0, 0]
[0, 0, 0, 0, 0, 6, 6, 6, 6, 6, 0, 0, 0, 0, 0]
[0, 0, 0, 0, 0, 6, 6, 6, 6, 6, 0, 0, 0, 0, 0]
[0, 0, 0, 0, 0, 6, 6, 6, 6, 6, 0, 0, 0, 0, 0]
[0, 0, 0, 0, 0, 6, 6, 6, 6, 6, 0, 0, 0, 0, 0]
